3 0 0
3 4 1
4 0 0
4 2 1
4 4 1
5 0 0
5 4 1
5 6 1
6 0 1
6 4 1
6 6 0
7 0 1
7 1 1
7 2 1
7 3 1
7 4 1
8 0 1
8 1 1
8 2 1
8 3 1
8 4 1
9 0 0
9 2 1
9 4 1
9 6 0
10 2 0
10 4 0
10 6 1
11 0 0
11 2 1
11 4 1
11 6 0
12 1 1
12 2 0
12 4 0
12 6 0
13 0 1
13 2 0
13 4 0
13 6 1
14 2 0
14 3 1
14 4 1
14 6 0
15 0 1
15 1 1
15 2 1
15 3 1
15 4 1
16 0 0
16 4 0
17 0 0
17 2 1
17 4 1
17 6 0
18 2 0
18 4 0
18 6 1
19 0 0
19 2 1
19 4 1
19 6 0
20 1 1
20 2 0
20 4 0
20 6 0
21 0 1
21 2 0
21 4 0
21 6 1
22 2 0
22 6 1
22 7 1
23 0 1
23 3 0
23 4 1
23 6 1
24 2 0
24 4 0
25 1 1
25 2 1
25 3 1
25 4 0
26 0 0
26 1 1
26 2 1
26 3 1
26 6 1
26 7 1
27 0 0
27 1 1
27 2 0
27 3 1
27 5 1
28 0 0
28 4 0
28 5 1
29 0 0
29 1 1
29 2 0
29 3 1
29 6 1
29 7 1
30 0 1
30 1 0
30 2 0
30 4 1
30 6 1
31 0 0
31 1 0
31 2 0
31 3 0
31 4 1
32 0 0
32 1 0
32 2 0
32 3 0
32 4 1
33 0 0
33 2 1
33 4 1
33 6 0
34 0 1
34 2 1
34 3 0
34 4 1
34 6 1
35 0 0
35 4 1
35 6 0
36 2 0
36 4 1
36 7 1
37 0 0
37 2 1
37 4 0
37 6 0
38 0 1
38 2 0
38 3 0
38 4 1
38 6 0
39 0 1
39 4 1
39 6 0
40 2 0
40 3 1
40 5 0
40 6 1
41 0 0
41 2 1
41 4 1
41 6 0
42 0 1
42 2 1
42 3 0
42 4 1
42 6 1
43 0 0
43 4 1
43 6 0
44 2 0
44 4 1
44 7 1
45 0 0
45 2 1
45 4 0
45 6 0
46 0 1
46 2 0
46 3 0
46 4 1
46 6 0
47 0 1
47 4 1
47 6 0
48 2 0
48 4 1
48 5 1
48 6 1
