5 0 0
6 0 0
6 4 0
7 0 0
8 0 0
9 0 0
9 4 0
10 0 0
10 2 0
10 4 0
11 0 0
11 4 0
12 0 0
12 2 0
12 4 0
13 0 0
13 4 0
14 0 0
14 1 0
14 2 0
14 4 0
15 0 0
15 4 0
16 0 0
16 2 0
16 4 0
17 0 0
17 2 0
17 4 0
17 6 0
18 2 0
18 6 0
19 0 0
19 2 0
19 4 0
19 6 0
20 2 0
20 3 0
20 4 0
20 6 0
21 0 0
21 4 0
22 0 0
22 2 0
22 4 0
23 0 0
23 4 0
23 5 0
23 6 0
24 0 0
24 3 0
24 4 0
25 0 0
25 2 0
25 4 0
25 6 0
26 2 0
26 6 0
27 0 0
27 2 0
27 4 0
27 6 0
28 2 0
28 3 0
28 4 0
28 6 0
29 0 0
29 4 0
30 0 0
30 2 0
30 4 0
31 0 0
31 4 0
31 5 0
31 6 0
32 0 0
32 3 0
32 4 0
33 2 0
33 4 0
33 6 0
33 7 0
34 0 0
34 2 0
34 4 0
34 6 0
35 0 0
35 6 0
37 2 0
37 4 0
37 6 0
37 7 0
38 0 0
38 2 0
38 4 0
38 6 0
39 0 0
39 4 0
40 0 0
40 4 0
40 6 0
41 2 0
41 4 0
41 6 0
41 7 0
42 0 0
42 2 0
42 4 0
42 6 0
43 0 0
43 5 0
43 6 0
44 1 0
44 4 0
44 6 0
45 2 0
45 4 0
45 6 0
45 7 0
46 0 0
46 2 0
46 4 0
46 6 0
47 0 0
47 5 0
47 7 0
48 0 0
48 4 0
48 6 0